41.0 25.68 18.64 14.48	20.0 10.64 3.44 0.0	18.71 14.4 16.65	1.5	0
46.0 34.28 28.34 26.05	14.0 9.44 2.43 0.0	9.12 14.02 9.15	1.5	0
41.0 37.66	6.0 0.0	13.36	0.5	0
40.0 25.49 19.03 15.07	19.0 10.01 2.9 0.0	17.99 14.22 15.84	1.5	0
36.0 21.64 16.13 12.56	19.0 9.72 1.29 0.0	18.56 16.87 14.28	1.5	0
36.0 16.57 7.81 3.15	25.0 13.87 3.66 0.0	22.26 20.41 18.62	1.5	0
32.0 27.37 25.5	8.0 1.27 0.0	13.45 7.5	1	0
33.0 13.9 6.1 1.7	25.0 13.21 2.38 0.0	23.58 21.66 17.58	1.5	0
43.0 39.73	3.0 0.0	13.08	0.5	0
42.0 38.84	3.0 0.0	12.62	0.5	0
49.0 22.94 6.37 0.18	30.0 22.11 11.03 0.0	15.78 22.16 24.77	1.5	0
35.0 22.84 18.41 15.42	16.0 8.32 0.54 0.0	15.37 15.57 11.97	1.5	0
36.0 26.4 23.28	13.0 6.19 0.0	13.62 12.48	1	0
46.0 36.3 32.19 30.41	12.0 7.4 0.82 0.0	9.2 13.16 7.11	1.5	0
48.0 42.13 38.8	8.0 3.75 0.0	8.49 13.3	1	0
40.0 17.27 4.87 -0.63	28.0 17.45 7.35 0.0	21.1 20.2 22.02	1	1
36.0 23.12 18.23 14.98	17.0 8.75 1.02 0.0	16.51 15.47 13.01	1.5	0
48.0 45.14	3.0 0.0	11.43	0.5	0
50.0 35.55 27.1 24.18	17.0 11.89 5.02 0.0	10.23 13.74 11.68	1.5	0
33.0 30.08	5.0 0.0	11.67	0.5	0
31.0 18.99 14.46	16.0 8.02 0.0	15.96 18.13	1	0
36.0 28.4 25.65	11.0 4.19 0.0	13.62 11.0	1	0
39.0 35.68	6.0 0.0	13.27	0.5	0
45.0 20.64 5.98 0.08	29.0 19.73 9.58 0.0	18.54 20.3 23.62	1.5	0
49.0 35.24 27.17 24.33	16.0 11.53 4.62 0.0	8.93 13.81 11.37	1.5	0
32.0 9.29 -1.12	29.0 16.42 4.4	25.16 24.04	0.5	1
42.0 38.58	5.0 0.0	13.7	0.5	0
45.0 29.14 21.1 17.24	20.0 11.71 4.38 0.0	16.58 14.65 15.44	1.5	0
44.0 37.77 34.87	9.0 3.46 0.0	11.07 11.59	1	0
44.0 29.23 22.28 18.86	19.0 10.54 3.36 0.0	16.92 14.37 13.7	1.5	0
41.0 24.79 17.07 12.66	21.0 11.42 4.03 0.0	19.17 14.77 17.65	1.5	0
33.0 30.24	4.0 0.0	11.02	0.5	0
45.0 19.63 4.2 -1.88	30.0 20.73 10.12 0.0	18.54 21.23 24.33	1	1
46.0 42.54	2.0 0.0	13.85	0.5	0
35.0 32.01	5.0 0.0	11.96	0.5	0
36.0 23.12 18.23 14.98	17.0 8.75 1.02 0.0	16.51 15.47 13.01	1.5	0
36.0 32.96	5.0 0.0	12.16	0.5	0
48.0 44.79	2.0 0.0	12.84	0.5	0
47.0 32.44 24.91 22.18	18.0 11.12 3.94 0.0	13.76 14.37 10.9	1.5	0
40.0 15.31 1.3 -4.53	30.0 19.39 8.62 0.0	21.21 21.55 23.33	1	1
33.0 29.24 27.67	7.0 0.52 0.0	12.96 6.27	1	0
44.0 25.53 15.33 10.45	23.0 13.94 6.46 0.0	18.13 14.96 19.53	1.5	0
48.0 45.38	4.0 0.0	10.5	0.5	0
38.0 23.58 17.58 13.78	19.0 9.85 2.15 0.0	18.3 15.41 15.19	1.5	0
42.0 38.72	6.0 0.0	13.11	0.5	0
37.0 31.34 29.02	9.0 2.32 0.0	13.36 9.26	1	0
46.0 26.28 14.74 9.75	24.0 15.43 7.65 0.0	17.14 15.56 19.97	1.5	0
41.0 16.18 1.83 -4.08	30.0 19.64 9.05 0.0	20.72 21.19 23.66	1	1
49.0 46.78	4.0 0.0	8.87	0.5	0
34.0 13.88 5.08 0.42	26.0 14.24 3.36 0.0	23.53 21.77 18.62	1.5	0
49.0 45.76	1.0 0.0	12.98	0.5	0
47.0 33.26 26.32 23.76	17.0 10.49 3.38 0.0	13.01 14.23 10.23	1.5	0
50.0 24.94 9.17 3.35	29.0 21.11 10.44 0.0	15.78 21.34 23.26	1.5	0
44.0 28.32 20.6 16.67	20.0 11.36 4.07 0.0	17.28 14.58 15.72	1.5	0
39.0 14.42 0.75 -5.0	30.0 19.15 8.19 0.0	21.7 21.91 23.0	1	1
31.0 24.56 21.97	10.0 2.89 0.0	14.22 10.37	1	0
39.0 35.68	6.0 0.0	13.27	0.5	0
47.0 33.26 26.32 23.76	17.0 10.49 3.38 0.0	13.01 14.23 10.23	1.5	0
35.0 26.46 23.53	12.0 5.07 0.0	13.87 11.72	1	0
39.0 20.13 11.01 6.26	24.0 13.73 4.51 0.0	20.55 18.43 18.98	1.5	0
44.0 24.58 13.58 8.51	24.0 14.83 7.16 0.0	18.34 15.34 20.28	1.5	0
49.0 46.78	4.0 0.0	8.87	0.5	0
36.0 32.96	5.0 0.0	12.16	0.5	0
41.0 37.22 35.4	7.0 0.56 0.0	12.88 7.28	1	0
47.0 23.29 8.84 3.1	28.0 19.42 9.47 0.0	17.17 19.91 22.98	1.5	0
42.0 24.73 15.94 11.26	22.0 12.54 5.03 0.0	18.93 15.03 18.74	1.5	0
41.0 38.25	2.0 0.0	10.99	0.5	0
32.0 11.21 2.38 -2.26	27.0 14.59 3.06 0.0	24.81 23.07 18.55	1	1
36.0 24.4 19.74 16.6	15.0 8.19 1.13 0.0	13.62 14.12 12.56	1.5	0
34.0 15.64 8.12 3.79	24.0 12.71 2.34 0.0	22.58 20.74 17.32	1.5	0
43.0 18.92 4.76 -1.11	29.0 19.16 9.17 0.0	19.67 19.98 23.48	1	1
41.0 29.99 25.33 23.45	14.0 8.02 1.29 0.0	11.96 13.46 7.52	1.5	0
47.0 23.29 8.84 3.1	28.0 19.42 9.47 0.0	17.17 19.91 22.98	1.5	0
43.0 39.65	5.0 0.0	13.39	0.5	0
41.0 16.18 1.83 -4.08	30.0 19.64 9.05 0.0	20.72 21.19 23.66	1	1
38.0 18.34 8.88 4.07	25.0 14.33 4.58 0.0	21.34 19.5 19.25	1.5	0
32.0 14.55 7.93 3.89	23.0 11.9 1.34 0.0	22.2 21.12 16.17	1.5	0
38.0 13.55 0.21 -5.46	30.0 18.91 7.77 0.0	22.18 22.27 22.67	1	1
32.0 14.55 7.93 3.89	23.0 11.9 1.34 0.0	22.2 21.12 16.17	1.5	0
40.0 35.17 32.93	8.0 1.65 0.0	12.7 8.95	1	0
36.0 26.4 23.28	13.0 6.19 0.0	13.62 12.48	1	0
46.0 42.8 40.78	6.0 0.41 0.0	11.18 8.07	1	0
43.0 31.76 26.68 24.66	14.0 8.49 1.66 0.0	11.01 13.66 8.1	1.5	0
43.0 33.76 30.44 29.04	12.0 6.49 0.16 0.0	11.01 12.66 5.58	1.5	0
36.0 22.4 17.25 13.86	18.0 9.19 1.1 0.0	17.62 16.19 13.56	1.5	0
31.0 15.19 9.7 6.07	21.0 10.61 0.37 0.0	20.79 20.49 14.51	1.5	0
33.0 31.12	1.0 0.0	7.54	0.5	0
35.0 33.04	1.0 0.0	7.82	0.5	0
46.0 35.28 30.25 28.19	13.0 8.44 1.62 0.0	9.12 13.64 8.23	1.5	0
36.0 23.79 19.06 15.89	16.0 8.42 1.04 0.0	15.16 14.77 12.69	1.5	0
40.0 25.49 19.03 15.07	19.0 10.01 2.9 0.0	17.99 14.22 15.84	1.5	0
41.0 19.11 7.12 1.73	27.0 16.78 7.21 0.0	20.44 19.13 21.57	1.5	0
37.0 19.26 11.49 7.08	23.0 12.47 3.08 0.0	21.07 18.78 17.64	1.5	0
44.0 28.32 20.6 16.67	20.0 11.36 4.07 0.0	17.28 14.58 15.72	1.5	0
37.0 24.73 19.69 16.33	16.0 8.53 1.56 0.0	14.95 13.94 13.45	1.5	0
32.0 17.74 12.97	19.0 9.52 0.0	18.97 19.06	1	0
50.0 26.89 12.59 7.26	27.0 19.22 9.38 0.0	15.55 19.68 21.32	1.5	0
33.0 25.57 22.9	11.0 3.86 0.0	14.27 10.7	1	0
41.0 32.99 30.07	11.0 5.02 0.0	11.96 11.68	1	0
37.0 19.26 11.49 7.08	23.0 12.47 3.08 0.0	21.07 18.78 17.64	1.5	0
41.0 37.62	5.0 0.0	13.54	0.5	0
47.0 33.26 26.32 23.76	17.0 10.49 3.38 0.0	13.01 14.23 10.23	1.5	0
38.0 25.03 19.55 15.97	17.0 8.94 2.02 0.0	16.13 13.85 14.32	1.5	0
47.0 43.58 41.16	6.0 0.83 0.0	10.35 9.66	1	0
31.0 20.64 16.46	14.0 6.71 0.0	14.58 16.73	1	0
45.0 41.69	4.0 0.0	13.25	0.5	0
50.0 25.93 10.91 5.34	28.0 20.15 9.89 0.0	15.69 20.52 22.27	1.5	0
42.0 17.05 2.38 -3.61	30.0 19.9 9.45 0.0	20.2 20.9 23.95	1	1
44.0 36.7 33.67	10.0 4.61 0.0	10.78 12.11	1	0
45.0 32.04 25.66 23.25	16.0 9.92 2.83 0.0	12.15 14.19 9.63	1.5	0
33.0 14.7 7.4 3.14	24.0 12.6 2.01 0.0	22.79 21.18 17.04	1.5	0
30.0 9.48 1.41 -2.99	27.0 14.04 2.1 0.0	25.91 23.89 17.6	1	1
39.0 35.92	4.0 0.0	12.34	0.5	0
42.0 37.05 34.62	8.0 1.9 0.0	12.2 9.7	1	0
48.0 44.79	2.0 0.0	12.84	0.5	0
44.0 26.47 17.13 12.5	22.0 13.06 5.62 0.0	17.88 14.88 18.54	1.5	0
45.0 36.51 33.34	11.0 5.99 0.0	10.01 12.66	1	0
41.0 31.99 28.9	12.0 6.02 0.0	11.96 12.38	1	0
39.0 29.18 25.73 24.33	13.0 6.64 0.26 0.0	12.73 12.75 5.59	1.5	0
47.0 44.08	4.0 0.0	11.7	0.5	0
30.0 15.02 9.93	20.0 9.95 0.0	20.1 20.38	1	0
40.0 17.27 4.87 -0.63	28.0 17.45 7.35 0.0	21.1 20.2 22.02	1	1
45.0 41.96 40.29	6.0 0.08 0.0	11.85 6.69	1	0
40.0 20.1 9.92 4.96	25.0 14.8 5.55 0.0	20.41 18.51 19.82	1.5	0
49.0 33.82 24.99 22.01	18.0 12.36 5.3 0.0	11.27 14.12 11.9	1.5	0
48.0 26.04 12.74 7.49	26.0 17.92 8.68 0.0	16.16 18.47 21.0	1.5	0
31.0 9.4 0.18 -4.52	28.0 15.21 3.23 0.0	25.57 23.97 18.8	1	1
37.0 12.66 -0.34	30.0 18.67 7.34	22.66 22.65	0.5	1
40.0 36.84	4.0 0.0	12.66	0.5	0
46.0 36.3 32.19 30.41	12.0 7.4 0.82 0.0	9.2 13.16 7.11	1.5	0
44.0 24.58 13.58 8.51	24.0 14.83 7.16 0.0	18.34 15.34 20.28	1.5	0
33.0 18.72 13.8 10.48	19.0 9.56 0.27 0.0	18.88 18.59 13.28	1.5	0
37.0 20.98 14.32 10.27	21.0 11.05 2.27 0.0	19.9 17.57 16.2	1.5	0
46.0 27.22 16.4 11.6	23.0 14.56 7.09 0.0	16.88 14.94 19.21	1.5	0
47.0 30.74 21.86 18.07	20.0 12.53 5.22 0.0	14.93 14.62 15.16	1.5	0
31.0 28.08	5.0 0.0	11.67	0.5	0
34.0 14.8 6.71 2.23	25.0 13.4 2.78 0.0	23.2 21.24 17.93	1.5	0
49.0 34.55 26.15 23.25	17.0 11.89 4.91 0.0	10.23 13.97 11.6	1.5	0
48.0 45.14	3.0 0.0	11.43	0.5	0
31.0 14.4 8.45 4.65	22.0 11.21 0.69 0.0	21.58 21.03 15.21	1.5	0
39.0 23.74 17.09 13.04	20.0 10.51 2.79 0.0	18.99 15.45 16.22	1.5	0
38.0 30.26 27.45	11.0 4.47 0.0	13.06 11.24	1	0
39.0 14.42 0.75 -5.0	30.0 19.15 8.19 0.0	21.7 21.91 23.0	1	1
38.0 28.26 24.96 23.6	13.0 6.47 0.14 0.0	13.06 12.65 5.42	1.5	0
48.0 45.14	3.0 0.0	11.43	0.5	0
32.0 24.61 21.82	11.0 3.78 0.0	14.44 11.16	1	0
41.0 37.66	6.0 0.0	13.36	0.5	0
40.0 22.94 14.92 10.44	22.0 12.12 3.92 0.0	19.76 16.39 17.93	1.5	0
41.0 38.25	2.0 0.0	10.99	0.5	0
38.0 23.58 17.58 13.78	19.0 9.85 2.15 0.0	18.3 15.41 15.19	1.5	0
43.0 35.8 32.85	10.0 4.4 0.0	11.21 11.79	1	0
48.0 45.14	3.0 0.0	11.43	0.5	0
44.0 34.62 31.05 29.53	12.0 6.77 0.36 0.0	10.45 12.83 6.07	1.5	0
36.0 27.4 24.45	12.0 5.19 0.0	13.62 11.81	1	0
48.0 36.86 30.93 28.56	13.0 9.28 2.58 0.0	7.44 13.4 9.5	1.5	0
48.0 24.12 9.41 3.69	28.0 19.77 9.66 0.0	16.46 20.21 22.88	1.5	0
43.0 35.8 32.85	10.0 4.4 0.0	11.21 11.79	1	0
47.0 43.82	3.0 0.0	12.71	0.5	0
50.0 30.6 18.75 14.19	23.0 15.79 7.92 0.0	14.42 15.73 18.24	1.5	0
45.0 41.88	5.0 0.0	12.47	0.5	0
37.0 32.34 30.34	8.0 1.32 0.0	13.36 8.0	1	0
41.0 38.25	2.0 0.0	10.99	0.5	0
34.0 29.37 27.46	8.0 1.27 0.0	13.45 7.62	1	0
47.0 38.16 34.78 33.34	11.0 6.68 0.07 0.0	8.63 13.22 5.74	1.5	0
43.0 39.73	3.0 0.0	13.08	0.5	0
40.0 17.27 4.87 -0.63	28.0 17.45 7.35 0.0	21.1 20.2 22.02	1	1
50.0 46.76	1.0 0.0	12.98	0.5	0
30.0 17.31 12.55	17.0 8.37 0.0	17.27 19.05	1	0
49.0 28.7 16.33 11.47	24.0 16.6 8.14 0.0	14.79 16.91 19.44	1.5	0
40.0 23.9 16.56 12.27	21.0 11.21 3.47 0.0	19.58 15.48 17.16	1.5	0
31.0 18.99 14.46	16.0 8.02 0.0	15.96 18.13	1	0
44.0 40.9	2.0 0.0	12.39	0.5	0
49.0 37.6 31.08 28.54	13.0 9.81 3.22 0.0	6.38 13.18 10.14	1.5	0
31.0 20.64 16.46	14.0 6.71 0.0	14.58 16.73	1	0
43.0 32.76 28.57 26.84	13.0 7.49 0.89 0.0	11.01 13.21 6.93	1.5	0
50.0 39.62 33.99 31.53	12.0 8.76 2.5 0.0	6.49 12.51 9.85	1.5	0
48.0 35.85 28.96 26.38	14.0 10.31 3.48 0.0	7.37 13.66 10.33	1.5	0
38.0 35.19	3.0 0.0	11.24	0.5	0
40.0 16.31 3.13 -2.54	29.0 18.39 7.97 0.0	21.21 20.84 22.7	1	1
45.0 34.46 29.75 27.81	13.0 8.09 1.34 0.0	9.82 13.49 7.76	1.5	0
30.0 9.48 1.41 -2.99	27.0 14.04 2.1 0.0	25.91 23.89 17.6	1	1
40.0 29.09 24.61 22.6	14.0 7.82 1.14 0.0	12.37 13.37 8.03	1.5	0
41.0 17.18 3.65 -2.1	29.0 18.64 8.42 0.0	20.72 20.44 23.0	1	1
38.0 34.31 32.7	7.0 0.38 0.0	13.25 6.45	1	0
33.0 20.92 16.68	16.0 8.15 0.0	15.7 16.97	1	0
42.0 33.88 30.91	11.0 5.24 0.0	11.51 11.87	1	0
30.0 19.68 15.34	14.0 6.64 0.0	14.71 17.35	1	0
46.0 34.28 28.34 26.05	14.0 9.44 2.43 0.0	9.12 14.02 9.15	1.5	0
44.0 33.62 29.18 27.35	13.0 7.77 1.1 0.0	10.45 13.34 7.33	1.5	0
45.0 41.44	3.0 0.0	14.26	0.5	0
45.0 41.74	2.0 0.0	13.04	0.5	0
38.0 25.03 19.55 15.97	17.0 8.94 2.02 0.0	16.13 13.85 14.32	1.5	0
48.0 22.14 5.88 -0.28	30.0 21.73 10.79 0.0	16.54 21.87 24.65	1	1
37.0 20.98 14.32 10.27	21.0 11.05 2.27 0.0	19.9 17.57 16.2	1.5	0
41.0 17.18 3.65 -2.1	29.0 18.64 8.42 0.0	20.72 20.44 23.0	1	1
39.0 22.92 15.82 11.62	21.0 11.16 3.04 0.0	19.69 16.25 16.81	1.5	0
33.0 15.5 8.68 4.57	23.0 11.99 1.65 0.0	22.02 20.68 16.45	1.5	0
38.0 21.95 15.08 10.96	21.0 11.1 2.63 0.0	19.8 16.94 16.49	1.5	0
50.0 33.22 23.21 19.59	20.0 13.57 6.45 0.0	12.85 14.24 14.48	1.5	0
42.0 23.78 14.32 9.49	23.0 13.44 5.49 0.0	19.13 15.9 19.31	1.5	0
45.0 41.74	2.0 0.0	13.04	0.5	0
47.0 42.46 39.54	7.0 2.07 0.0	9.87 11.7	1	0
36.0 13.76 2.74 -2.45	28.0 16.49 5.55 0.0	23.02 21.87 20.77	1	1
31.0 28.52	3.0 0.0	9.93	0.5	0
48.0 37.89 32.95 30.8	12.0 8.22 1.67 0.0	7.56 13.09 8.62	1.5	0
47.0 32.44 24.91 22.18	18.0 11.12 3.94 0.0	13.76 14.37 10.9	1.5	0
33.0 22.57 18.76	14.0 6.86 0.0	14.27 15.26	1	0
50.0 30.6 18.75 14.19	23.0 15.79 7.92 0.0	14.42 15.73 18.24	1.5	0
48.0 32.33 23.58 20.23	19.0 12.34 5.15 0.0	13.32 14.39 13.41	1.5	0
49.0 29.6 17.77 13.08	23.0 15.79 7.87 0.0	14.42 15.84 18.74	1.5	0
49.0 46.6	3.0 0.0	9.59	0.5	0
46.0 43.1	1.0 0.0	11.62	0.5	0
33.0 22.57 18.76	14.0 6.86 0.0	14.27 15.26	1	0
46.0 28.15 18.16 13.62	22.0 13.71 6.27 0.0	16.57 14.88 18.16	1.5	0
37.0 29.34 26.56	11.0 4.32 0.0	13.36 11.12	1	0
37.0 31.34 29.02	9.0 2.32 0.0	13.36 9.26	1	0
35.0 19.02 12.72 8.8	21.0 10.96 1.63 0.0	20.08 18.66 15.7	1.5	0
50.0 34.04 24.63 21.45	19.0 12.93 5.89 0.0	12.13 14.07 12.72	1.5	0
39.0 19.22 9.41 4.53	25.0 14.56 5.05 0.0	20.88 19.02 19.53	1.5	0
32.0 23.61 20.32	12.0 4.78 0.0	14.44 13.15	1	0
36.0 29.4 26.89	10.0 3.19 0.0	13.62 10.03	1	0
44.0 28.32 20.6 16.67	20.0 11.36 4.07 0.0	17.28 14.58 15.72	1.5	0
49.0 23.94 8.17 2.24	29.0 21.11 10.44 0.0	15.78 21.34 23.74	1.5	0
32.0 17.74 12.97	19.0 9.52 0.0	18.97 19.06	1	0
44.0 28.32 20.6 16.67	20.0 11.36 4.07 0.0	17.28 14.58 15.72	1.5	0
49.0 35.24 27.17 24.33	16.0 11.53 4.62 0.0	8.93 13.81 11.37	1.5	0
35.0 16.59 8.84 4.44	24.0 12.82 2.68 0.0	22.36 20.28 17.59	1.5	0
35.0 25.46 22.36	13.0 6.07 0.0	13.87 12.41	1	0
42.0 29.88 24.13 21.55	15.0 9.24 2.26 0.0	11.51 13.96 10.33	1.5	0
39.0 15.42 2.58 -3.01	29.0 18.15 7.53 0.0	21.7 21.23 22.38	1	1
39.0 33.18 30.71	9.0 2.64 0.0	12.73 9.87	1	0
42.0 20.92 9.28 4.0	26.0 16.15 7.14 0.0	19.7 18.02 21.1	1.5	0
47.0 43.85	1.0 0.0	12.61	0.5	0
42.0 38.58	5.0 0.0	13.7	0.5	0
41.0 38.71	1.0 0.0	9.15	0.5	0
37.0 18.37 9.95 5.37	24.0 13.27 3.57 0.0	21.45 19.4 18.32	1.5	0
34.0 17.27 10.71 6.68	22.0 11.47 1.64 0.0	21.05 19.67 16.11	1.5	0
39.0 26.61 21.28 17.94	16.0 8.78 1.89 0.0	14.43 13.78 13.37	1.5	0
38.0 34.98	4.0 0.0	12.06	0.5	0
50.0 42.75 39.46	9.0 5.49 0.0	7.03 13.17	1	0
41.0 33.99 31.19	10.0 4.02 0.0	11.96 11.2	1	0
49.0 33.04 23.67 20.25	19.0 12.93 5.8 0.0	12.13 14.27 13.69	1.5	0
40.0 37.04	3.0 0.0	11.85	0.5	0
46.0 34.28 28.34 26.05	14.0 9.44 2.43 0.0	9.12 14.02 9.15	1.5	0
30.0 6.57 -3.91	30.0 16.85 4.11	26.3 25.47	0.5	1
31.0 19.64 15.22	15.0 7.71 0.0	14.58 17.68	1	0
40.0 18.23 6.59 1.27	27.0 16.54 6.74 0.0	20.93 19.61 21.29	1.5	0
49.0 29.6 17.77 13.08	23.0 15.79 7.87 0.0	14.42 15.84 18.74	1.5	0
35.0 15.68 7.25 2.68	25.0 13.64 3.22 0.0	22.73 20.84 18.29	1.5	0
36.0 32.24 30.61	7.0 0.52 0.0	12.96 6.52	1	0
45.0 41.74	2.0 0.0	13.04	0.5	0
33.0 21.57 17.46	15.0 7.86 0.0	14.27 16.42	1	0
39.0 22.03 14.34 9.96	22.0 11.94 3.43 0.0	20.12 17.02 17.53	1.5	0
45.0 38.63 35.62	9.0 3.73 0.0	10.55 12.04	1	0
42.0 38.72	6.0 0.0	13.11	0.5	0
49.0 46.6	3.0 0.0	9.59	0.5	0
44.0 27.4 18.88 14.56	21.0 12.2 4.83 0.0	17.6 14.75 17.3	1.5	0
33.0 10.16 -0.62	29.0 16.68 4.87	24.64 23.62	0.5	1
30.0 27.82	2.0 0.0	8.72	0.5	0
49.0 41.75 38.38	9.0 5.49 0.0	7.03 13.47	1	0
34.0 19.7 14.6 11.21	19.0 9.61 0.58 0.0	18.78 18.07 13.56	1.5	0
37.0 13.66 1.5 -3.94	29.0 17.67 6.66 0.0	22.66 22.02 21.75	1	1
50.0 45.98 42.51	6.0 2.04 0.0	7.92 13.89	1	0
47.0 36.08 30.64 28.43	13.0 8.84 2.04 0.0	8.33 13.6 8.83	1.5	0
39.0 33.18 30.71	9.0 2.64 0.0	12.73 9.87	1	0
48.0 41.04 37.66	9.0 4.91 0.0	8.19 13.52	1	0
31.0 17.55 12.79	18.0 8.9 0.0	18.19 19.04	1	0
35.0 28.46 25.98	10.0 3.07 0.0	13.87 9.9	1	0
34.0 26.52 23.82	11.0 3.96 0.0	14.08 10.8	1	0
31.0 24.56 21.97	10.0 2.89 0.0	14.22 10.37	1	0
30.0 18.02 13.36	16.0 7.96 0.0	16.07 18.63	1.0	0
47.0 36.08 30.64 28.43	13.0 8.84 2.04 0.0	8.33 13.6 8.83	1.5	0
47.0 40.28 37.03	9.0 4.43 0.0	9.14 13.01	1.0	0
50.0 41.71 38.35 36.76	10.0 6.59 0.14 0.0	6.81 12.89 6.36	1.5	0
40.0 16.31 3.13 -2.54	29.0 18.39 7.97 0.0	21.21 20.84 22.7	1.0	1
41.0 35.03 32.41	9.0 2.93 0.0	12.14 10.49	1.0	0
46.0 40.56 37.58	8.0 2.87 0.0	10.26 11.91	1.0	0
49.0 42.82 39.34	8.0 4.36 0.0	7.28 13.91	1.0	0
44.0 31.62 25.38 23.01	15.0 9.77 2.7 0.0	10.45 14.14 9.48	1.5	0
40.0 26.24 20.22 16.5	18.0 9.53 2.5 0.0	16.94 14.06 14.88	1.5	0
45.0 41.88	5.0 0.0	12.47	0.5	0
40.0 26.24 20.22 16.5	18.0 9.53 2.5 0.0	16.94 14.06 14.88	1.5	0
32.0 27.37 25.5	8.0 1.27 0.0	13.45 7.5	1.0	0
33.0 20.92 16.68	16.0 8.15 0.0	15.7 16.97	1.0	0
37.0 13.66 1.5 -3.94	29.0 17.67 6.66 0.0	22.66 22.02 21.75	1.0	1
43.0 29.7 23.63 20.79	17.0 9.59 2.55 0.0	14.82 14.08 11.35	1.5	0
42.0 38.16 36.22	7.0 0.69 0.0	12.62 7.75	1.0	0
47.0 43.82	3.0 0.0	12.71	0.5	0
38.0 29.26 26.26	12.0 5.47 0.0	13.06 12.01	1.0	0
33.0 13.9 6.1 1.7	25.0 13.21 2.38 0.0	23.58 21.66 17.58	1.5	0
